00000000000000000000000000000001 80 00000000000000000000000000000000 00 00000000000000000000000000000000 00000000 00000000 00000000 80200001       lo
fe800000000000000000000000000000 80 00000000000000000000000000000000 00 00000000000000000000000000000000 00000000 00000000 00000000 00200001       lo
fe80000000000000020475fffec7ae6e 80 00000000000000000000000000000000 00 00000000000000000000000000000000 00000000 00000000 00000000 80200001       lo
fe80000000000000020475fffec9d4dd 80 00000000000000000000000000000000 00 00000000000000000000000000000000 00000000 00000000 00000000 80200001       lo
fe800000000000000250dafffe7de264 80 00000000000000000000000000000000 00 00000000000000000000000000000000 00000000 00000000 00000000 80200001       lo
fe800000000000000000000000000000 40 00000000000000000000000000000000 00 00000000000000000000000000000000 00000100 00000000 00000000 00000001     eth2
fe800000000000000000000000000000 40 00000000000000000000000000000000 00 00000000000000000000000000000000 00000100 00000000 00000000 00000001     eth0
fe800000000000000000000000000000 40 00000000000000000000000000000000 00 00000000000000000000000000000000 00000100 00000000 00000000 00000001     eth1
fe800005000000000000000000000000 80 00000000000000000000000000000000 00 00000000000000000000000000000000 00000000 00000000 00000000 00200001       lo
fe80000500000000000000000000ffa0 80 00000000000000000000000000000000 00 00000000000000000000000000000000 00000000 00000000 00000000 80200001       lo
fe800005000000000000000000000000 40 00000000000000000000000000000000 00 00000000000000000000000000000000 00000100 00000000 00000000 00000001     eth0
fe800006000000000000000000000000 80 00000000000000000000000000000000 00 00000000000000000000000000000000 00000000 00000000 00000000 00200001       lo
fe80000600000000000000000000ffa1 80 00000000000000000000000000000000 00 00000000000000000000000000000000 00000000 00000000 00000002 80200001       lo
fe800006000000000000000000000000 40 00000000000000000000000000000000 00 00000000000000000000000000000000 00000100 00000000 00000000 00000001     eth1
fec00005000000000000000000000000 80 00000000000000000000000000000000 00 00000000000000000000000000000000 00000000 00000000 00000000 00200001       lo
fec000050000000000000000000000a0 80 00000000000000000000000000000000 00 00000000000000000000000000000000 00000000 00000000 00000000 80200001       lo
fec00005000000000000000000000000 40 00000000000000000000000000000000 00 00000000000000000000000000000000 00000100 00000000 00000000 00000001     eth0
fec00006000000000000000000000000 80 00000000000000000000000000000000 00 00000000000000000000000000000000 00000000 00000000 00000000 00200001       lo
fec000060000000000000000000000a1 80 00000000000000000000000000000000 00 00000000000000000000000000000000 00000000 00000000 00000005 80200001       lo
fec00006000000000000000000000000 40 00000000000000000000000000000000 00 00000000000000000000000000000000 00000100 00000000 00000000 00000001     eth1
fec00007000000000000000000000000 40 00000000000000000000000000000000 00 fe80000600000000000000000000ffb0 00000400 00000000 0000005c 00000003     eth1
ff020000000000000000000000000002 80 00000000000000000000000000000000 00 ff020000000000000000000000000002 00000000 00000006 00000006 01000001     eth2
ff020000000000000000000000000009 80 00000000000000000000000000000000 00 ff020000000000000000000000000009 00000000 00000001 00001398 01000001     eth1
ff020000000000000000000000000009 80 00000000000000000000000000000000 00 ff020000000000000000000000000009 00000000 00000000 00000003 01000001     eth0
ff000000000000000000000000000000 08 00000000000000000000000000000000 00 00000000000000000000000000000000 00000100 00000000 00000000 00000001     eth2
ff000000000000000000000000000000 08 00000000000000000000000000000000 00 00000000000000000000000000000000 00000100 00000000 00000000 00000001     eth0
ff000000000000000000000000000000 08 00000000000000000000000000000000 00 00000000000000000000000000000000 00000100 00000000 00000000 00000001     eth1
00000000000000000000000000000000 00 00000000000000000000000000000000 00 00000000000000000000000000000000 ffffffff 00000001 00000003 00200200       lo
